United_States_09d4 : 0.0024616549687235343
2006 : 0.0011519791454152857
United_Kingdom_5ad7 : 0.0011293569947429215
Biography : 9.255688562686055E-4
2005 : 8.594083453672529E-4
England : 8.257407839742095E-4
Canada : 8.035865289115626E-4
Geographic_coordinate_system : 7.26537563784735E-4
France : 6.779392509239486E-4
2004 : 6.747215832022175E-4
Australia : 6.388320166829717E-4
Germany : 6.127687819811804E-4
2003 : 5.504112330628082E-4
India : 5.473855392566135E-4
Japan : 5.465498653585649E-4
Internet_Movie_Database_7ea7 : 5.017013913237417E-4
Europe : 4.76684570919618E-4
Record_label : 4.644089516721645E-4
2001 : 4.56668959622128E-4
2002 : 4.5262616428435595E-4
World_War_II_d045 : 4.4706235571507715E-4
Population_density : 4.4217675578069174E-4
Music_genre : 4.413635791997993E-4
2000 : 4.355708218999893E-4
Italy : 4.1618794358593095E-4
London : 4.070392105559253E-4
Wiktionary : 4.068803651912401E-4
Wikimedia_Commons_7b57 : 4.059947575540507E-4
English_language : 3.9030685226898833E-4
1999 : 3.802989669495028E-4
Spain : 3.3906972163950136E-4
1998 : 3.339134709879684E-4
Russia : 3.2106294468076964E-4
1997 : 3.1607351125210174E-4
Television : 3.1606814824429555E-4
New_York_City_1428 : 3.1328000159806276E-4
Football_(soccer) : 3.072966971422504E-4
Census : 3.0437873415755783E-4
1996 : 3.032663743995244E-4
Scotland : 3.017628786894138E-4
1995 : 2.906416586712455E-4
China : 2.884517861565179E-4
Scientific_classification : 2.863539434776298E-4
Population : 2.859372805303594E-4
Square_mile : 2.857487450447085E-4
California : 2.8308366932159527E-4
1994 : 2.7229509356053056E-4
Sweden : 2.6966906154559235E-4
Film : 2.69358608644878E-4
Public_domain : 2.6885378701343315E-4
Record_producer : 2.6853293239780337E-4
New_Zealand_2311 : 2.65528091735726E-4
New_York_3da4 : 2.614994035936344E-4
Marriage : 2.5934740732971694E-4
Netherlands : 2.5870381793843795E-4
United_States_Census_Bureau_2c85 : 2.578777746259438E-4
1993 : 2.5737478118245026E-4
1991 : 2.54580790339169E-4
1990 : 2.5123381333952774E-4
Politician : 2.494088672149889E-4
1992 : 2.493876073606165E-4
Album : 2.4663718725687956E-4
Actor : 2.4308951592648574E-4
Latin : 2.4244682789029771E-4
Ireland : 2.4185401162128448E-4
Per_capita_income : 2.4058823963386236E-4
Studio_album : 2.3823524615220569E-4
Poverty_line : 2.363765146422071E-4
Km² : 2.3488641210474048E-4
1989 : 2.3108285368273498E-4
Norway : 2.259598220985323E-4
Website : 2.245046323765072E-4
1980 : 2.2012627030856154E-4
Animal : 2.1592536924313306E-4
Area : 2.1507334486344307E-4
Personal_name : 2.132812959957334E-4
1986 : 2.1245473247555007E-4
Poland : 2.117134804516174E-4
Brazil : 2.1158176533766222E-4
1985 : 2.0967936622991664E-4
1987 : 2.0908078611786167E-4
1983 : 2.075208445253004E-4
1982 : 2.0688654537456862E-4
1981 : 2.0516498138300693E-4
1979 : 2.0508102580744505E-4
1984 : 2.0483872039335813E-4
1988 : 2.0462948115488637E-4
French_language : 2.0441127769306032E-4
World_War_I_9429 : 2.0422664795165374E-4
1974 : 2.037481654573641E-4
Paris : 2.0361166908277107E-4
Mexico : 2.020260190543658E-4
USA_f75d : 1.9792520097749493E-4
1970 : 1.974672935470558E-4
19th_century : 1.974009244758042E-4
January_1 : 1.9634299767729723E-4
1975 : 1.949505081760576E-4
1976 : 1.9485820116531123E-4
White_(U.S._Census)_c45a : 1.9433308872678233E-4
Africa : 1.942405765512994E-4
