United_States_09d4=0.0051887844309488115
Wikimedia_Commons_7b57=0.004806488831880607
Country=0.003940289679032729
England=0.002752317559609884
Water=0.002687656679255416
Animal=0.002553932267779404
City=0.0025107514664770474
United_Kingdom_5ad7=0.002358586923886
Germany=0.002350398434878838
Earth=0.002324600107640406
France=0.002323564557985182
Europe=0.0020379987098054957
Wiktionary=0.0017537686402719875
English_language=0.0017495622717241734
Government=0.0017323760717511787
Computer=0.0017167211780308594
India=0.0017130983060978228
Money=0.0016673380567097072
Japan=0.0015516032468555064
Plant=0.0015234513519485904
Italy=0.0015073649206165504
Canada=0.0014813431412575967
Spain=0.0014710609748744977
Food=0.001424584944642352
Human=0.0014120055909715877
China=0.0013966521824475958
People=0.0013821846816784863
Australia=0.001329781332731898
Asia=0.0012843777144325697
Capital_(city)=0.0012742228223547086
Television=0.0012649039467303622
Sun=0.0012601421804723013
Number=0.001243146484489677
State=0.0012407217395469918
Sound=0.0012351315661499863
Science=0.001232461535423021
Mathematics=0.001230970560319296
Metal=0.0011922169910561892
Year=0.0011770358203460757
2004=0.0011732923631950355
Language=0.0011500926283681218
Russia=0.00114613977284078
Wikipedia=0.001123272886458021
Religion=0.0010985226617522958
19th_century=0.0010965654119545064
Music=0.0010873591708382632
Scotland=0.0010547542799384541
20th_century=0.0010537334610767437
Greece=0.001049176090983189
Latin=0.001029799074216507
London=0.001027351537736055
Greek_language=0.0010042974831406684
Energy=9.989431999620866E-4
World=9.863075612954696E-4
Centuries=9.759351517083812E-4
Culture=9.451750839778436E-4
History=9.364394523437776E-4
Liquid=9.144736535395642E-4
Netherlands=9.057079964325093E-4
Planet=9.048810484678364E-4
Light=9.01615462931729E-4
Society=9.014535754805937E-4
Atom=8.899571429812135E-4
Wikimedia_Foundation_83d9=8.883857500533898E-4
Scientist=8.883239522165354E-4
Image=8.87634694825301E-4
Law=8.862891705120499E-4
Geography=8.788197011043786E-4
List_of_decades=8.786094947339176E-4
Uniform_Resource_Locator_1b4e=8.618327147799966E-4
Africa=8.605150290919804E-4
Turkey=8.448637859982409E-4
Inhabitant=8.304145755247547E-4
Capital_city=8.230920003234305E-4
Plural=8.214718622307983E-4
Electricity=8.136698406618724E-4
Poland=7.983989996640175E-4
Building=7.971069728277495E-4
Car=7.946024128928655E-4
Sweden=7.916888795548049E-4
Book=7.914644911464156E-4
Biology=7.86874593867276E-4
War=7.707791299691724E-4
Chemical_element=7.681008982826843E-4
God=7.608950046095982E-4
North_America_e7c4=7.562385638310749E-4
September_7=7.547392018728525E-4
Website=7.462478121293638E-4
Nation=7.426621484216652E-4
Politics=7.398107868940629E-4
2006=7.3325213599985E-4
Fish=7.321861336365003E-4
Species=7.308164763090443E-4
Mammal=7.216220722249047E-4
Island=7.177734458659668E-4
Portugal=7.170835901347203E-4
Gas=7.155153969916659E-4
River=7.115428683328745E-4
Switzerland=7.060904699727578E-4
World_War_II_d045=7.020012869712056E-4
