United_States_09d4 : 0.005076553020931496
Wikimedia_Commons_7b57 : 0.004705954962000414
Country : 0.003836117030035949
England : 0.002702685894572582
Water : 0.0026179375921252038
Animal : 0.0024962869638067227
City : 0.00245754092007201
Germany : 0.0023104707043021325
United_Kingdom_5ad7 : 0.0023044984781804426
France : 0.0022754456534466033
Earth : 0.0022590605254494698
Europe : 0.0019904624318215335
Wiktionary : 0.0017188509961049549
English_language : 0.0017098114805071697
Government : 0.001688506257774732
Computer : 0.0016810849360834109
India : 0.0016719972696535995
Money : 0.0016270136560185406
Japan : 0.0015201057093787531
Plant : 0.001489036997379465
Italy : 0.0014759010238618584
Canada : 0.0014473437341894313
Spain : 0.0014434621087796359
Food : 0.0013927517471127473
Human : 0.00137935732267677
China : 0.001364987615043274
People : 0.0013493961136498975
Australia : 0.0013012983937566904
Asia : 0.0012521868744300945
Capital_(city) : 0.0012436862360418802
Television : 0.00124130173121315
Sun : 0.001222334153440214
Number : 0.0012120248151533928
State : 0.001208758880862058
Sound : 0.001206735561719708
Mathematics : 0.0012035695928033746
Science : 0.001201002345902008
Metal : 0.00116333546492737
2004 : 0.0011481072680220822
Year : 0.0011450261352821639
Language : 0.0011243018380411238
Russia : 0.0011193314446245283
Wikipedia : 0.0010961456212349263
Religion : 0.0010746957747898881
19th_century : 0.0010720914244813794
Music : 0.0010693440543531893
Scotland : 0.0010320340539304365
20th_century : 0.0010299319029358218
Greece : 0.0010273871513613855
London : 0.0010078469454123992
Latin : 0.0010051253527505243
Greek_language : 9.79712330617917E-4
Energy : 9.716725467517384E-4
World : 9.615956906677196E-4
Centuries : 9.551061882185031E-4
Culture : 9.203305078331017E-4
History : 9.126785166796077E-4
Liquid : 8.898589403567798E-4
Netherlands : 8.867198944159061E-4
Society : 8.773277479790252E-4
Light : 8.772179980183375E-4
Planet : 8.768881809511741E-4
Wikimedia_Foundation_83d9 : 8.67850517937728E-4
Scientist : 8.668946346074573E-4
Image : 8.660331752555603E-4
Law : 8.656185547616245E-4
Atom : 8.631748798836997E-4
List_of_decades : 8.593105822148743E-4
Geography : 8.551530556392018E-4
Uniform_Resource_Locator_1b4e : 8.417175957854405E-4
Africa : 8.396761001126756E-4
Turkey : 8.223371157605011E-4
Inhabitant : 8.215673039044416E-4
Capital_city : 8.070417769132253E-4
Plural : 8.000148742380538E-4
Electricity : 7.924511841506114E-4
Poland : 7.811258871298893E-4
Building : 7.784367782618E-4
Car : 7.773180552200585E-4
Book : 7.763337776653001E-4
Sweden : 7.733790071917572E-4
Biology : 7.692029351497253E-4
War : 7.532825322535244E-4
Chemical_element : 7.488990683995635E-4
God : 7.458299446651243E-4
North_America_e7c4 : 7.386660853528258E-4
September_7 : 7.364505784579511E-4
Website : 7.273526388401523E-4
Nation : 7.217746880972115E-4
Politics : 7.216784802364012E-4
2006 : 7.179249835080827E-4
Species : 7.166372819096229E-4
Fish : 7.162462135362552E-4
Mammal : 7.06315950561502E-4
Portugal : 7.003750363813173E-4
Island : 7.00336818949604E-4
River : 6.954273087003424E-4
Gas : 6.946428455618493E-4
Switzerland : 6.896714835791067E-4
World_War_II_d045 : 6.872398257147717E-4
