United_States_09d4 : 0.0024616544445663596
2006 : 0.0011519791148879095
United_Kingdom_5ad7 : 0.0011293564742428193
Biography : 9.25568856780629E-4
2005 : 8.594083272926966E-4
England : 8.257407706794541E-4
Canada : 8.035864755260047E-4
Geographic_coordinate_system : 7.265127623536156E-4
France : 6.779392234146182E-4
2004 : 6.747215870556025E-4
Australia : 6.388320013743128E-4
Germany : 6.127688141705902E-4
2003 : 5.504112499858226E-4
India : 5.473855189770979E-4
Japan : 5.465498680366781E-4
Internet_Movie_Database_7ea7 : 5.017013937330539E-4
Europe : 4.766845658616045E-4
Record_label : 4.644089540863754E-4
2001 : 4.566689678927244E-4
2002 : 4.5262616866616147E-4
World_War_II_d045 : 4.470623634495762E-4
Population_density : 4.421768009019121E-4
Music_genre : 4.4136358136075875E-4
2000 : 4.355711240947096E-4
Italy : 4.161879527330139E-4
London : 4.070391926416924E-4
Wiktionary : 4.0688032726297234E-4
Wikimedia_Commons_7b57 : 4.059947403673786E-4
English_language : 3.9030684976237E-4
1999 : 3.8029895654247625E-4
Spain : 3.390697048800337E-4
1998 : 3.339134695282285E-4
Russia : 3.210629507091384E-4
1997 : 3.1607351608796495E-4
Television : 3.1606814560692915E-4
New_York_City_1428 : 3.132799981976546E-4
Football_(soccer) : 3.072966987344503E-4
Census : 3.0437873430308427E-4
1996 : 3.0326635937121096E-4
Scotland : 3.017628797420286E-4
1995 : 2.9064165610442715E-4
China : 2.8845175678140724E-4
Scientific_classification : 2.8635391390396763E-4
Population : 2.859374389796274E-4
Square_mile : 2.857487595506377E-4
California : 2.8308365812587487E-4
1994 : 2.7229509151143947E-4
Sweden : 2.696690662785374E-4
Film : 2.6935860804114145E-4
Public_domain : 2.688537773831305E-4
Record_producer : 2.685329338673228E-4
New_Zealand_2311 : 2.655280829806516E-4
New_York_3da4 : 2.6149938764000684E-4
Marriage : 2.593474059764053E-4
Netherlands : 2.587038260503831E-4
United_States_Census_Bureau_2c85 : 2.578777736120754E-4
1993 : 2.57374812656895E-4
1991 : 2.5458079575810505E-4
1990 : 2.512338158578816E-4
Politician : 2.4940886877506736E-4
1992 : 2.4938761348227827E-4
Album : 2.466371884369579E-4
Actor : 2.4308951734005848E-4
Latin : 2.4244682269569244E-4
Ireland : 2.4185401113291233E-4
Per_capita_income : 2.405882382416305E-4
Studio_album : 2.3823524742281883E-4
Poverty_line : 2.3637651337116887E-4
Km² : 2.348864119401298E-4
1989 : 2.3108284818892992E-4
Norway : 2.2595980925001517E-4
Website : 2.245046071864095E-4
1980 : 2.2012626812400419E-4
Animal : 2.1592534768180707E-4
Area : 2.150735062089927E-4
Personal_name : 2.1328129679762332E-4
1986 : 2.124547317002004E-4
Poland : 2.1171387264186294E-4
Brazil : 2.1158174805019765E-4
1985 : 2.0967936603178487E-4
1987 : 2.0908079228127094E-4
1983 : 2.075208426836509E-4
1982 : 2.068865439973698E-4
1981 : 2.0516497994778237E-4
1979 : 2.050810238737225E-4
1984 : 2.0483872640395987E-4
1988 : 2.0462948110606843E-4
French_language : 2.0441127843107325E-4
World_War_I_9429 : 2.042266641632393E-4
1974 : 2.0374816722962017E-4
Paris : 2.0361165563944253E-4
Mexico : 2.020260058921278E-4
USA_f75d : 1.979251914203643E-4
1970 : 1.9746729205304733E-4
19th_century : 1.9740091124932237E-4
January_1 : 1.963430061610797E-4
1975 : 1.9495050782776272E-4
1976 : 1.9485820184210714E-4
White_(U.S._Census)_c45a : 1.9433308799718938E-4
Africa : 1.9424055994283145E-4
