United_States_09d4=0.005188784430948813
Wikimedia_Commons_7b57=0.0048064888318806115
Country=0.0039402896790327255
England=0.002752317559609883
Water=0.002687656679255413
Animal=0.0025539322677794033
City=0.0025107514664770452
United_Kingdom_5ad7=0.0023585869238860043
Germany=0.0023503984348788396
Earth=0.0023246001076404075
France=0.0023235645579851847
Europe=0.0020379987098054966
Wiktionary=0.001753768640271987
English_language=0.0017495622717241743
Government=0.0017323760717511774
Computer=0.00171672117803086
India=0.0017130983060978213
Money=0.0016673380567097087
Japan=0.001551603246855506
Plant=0.0015234513519485908
Italy=0.0015073649206165491
Canada=0.001481343141257597
Spain=0.001471060974874497
Food=0.0014245849446423528
Human=0.0014120055909715879
China=0.0013966521824475967
People=0.0013821846816784863
Australia=0.0013297813327318977
Asia=0.0012843777144325688
Capital_(city)=0.001274222822354707
Television=0.0012649039467303625
Sun=0.0012601421804723015
Number=0.001243146484489677
State=0.0012407217395469924
Sound=0.0012351315661499856
Science=0.0012324615354230206
Mathematics=0.001230970560319296
Metal=0.00119221699105619
Year=0.0011770358203460755
2004=0.0011732923631950333
Language=0.0011500926283681224
Russia=0.001146139772840781
Wikipedia=0.0011232728864580214
Religion=0.0010985226617522947
19th_century=0.0010965654119545055
Music=0.0010873591708382634
Scotland=0.0010547542799384541
20th_century=0.0010537334610767426
Greece=0.0010491760909831886
Latin=0.0010297990742165072
London=0.0010273515377360553
Greek_language=0.001004297483140668
Energy=9.989431999620868E-4
World=9.863075612954692E-4
Centuries=9.75935151708382E-4
Culture=9.45175083977844E-4
History=9.364394523437777E-4
Liquid=9.144736535395639E-4
Netherlands=9.057079964325089E-4
Planet=9.048810484678363E-4
Light=9.016154629317293E-4
Society=9.014535754805932E-4
Atom=8.899571429812133E-4
Wikimedia_Foundation_83d9=8.883857500533891E-4
Scientist=8.88323952216535E-4
Image=8.876346948252999E-4
Law=8.862891705120499E-4
Geography=8.788197011043787E-4
List_of_decades=8.786094947339171E-4
Uniform_Resource_Locator_1b4e=8.618327147799956E-4
Africa=8.605150290919801E-4
Turkey=8.448637859982409E-4
Inhabitant=8.304145755247547E-4
Capital_city=8.230920003234305E-4
Plural=8.214718622307981E-4
Electricity=8.136698406618722E-4
Poland=7.983989996640177E-4
Building=7.971069728277497E-4
Car=7.946024128928652E-4
Sweden=7.916888795548046E-4
Book=7.914644911464158E-4
Biology=7.868745938672758E-4
War=7.707791299691726E-4
Chemical_element=7.681008982826842E-4
God=7.608950046095984E-4
North_America_e7c4=7.562385638310749E-4
September_7=7.547392018728514E-4
Website=7.462478121293638E-4
Nation=7.426621484216646E-4
Politics=7.398107868940625E-4
2006=7.332521359998503E-4
Fish=7.321861336365004E-4
Species=7.308164763090442E-4
Mammal=7.216220722249044E-4
Island=7.177734458659669E-4
Portugal=7.170835901347201E-4
Gas=7.155153969916659E-4
River=7.115428683328744E-4
Switzerland=7.060904699727577E-4
World_War_II_d045=7.020012869712054E-4
